ring.r=1.500000
ring.r=3.000000
